bins	taxon	total_length	num_contigs	N50	GC_content	percent_completion	percent_redundancy
Bin_0	Unknown	2125501	33	151701	25.584439613737764	88.73239436619718	23.943661971830984
Bin_1	Unknown	5558	1	5558	54.33609211946744	0.0	0.0
Bin_100	Unknown	242117	18	37576	51.440553721243255	0.0	0.0
Bin_101_1	Unknown	1442099	17	105789	25.114006507439896	78.87323943661971	21.12676056338028
Bin_101_2	Unknown	1258609	15	148576	28.3821383148673	71.83098591549296	15.492957746478874
Bin_101_3	Unknown	930900	18	81966	27.86729760317652	54.929577464788736	15.492957746478874
Bin_102	Unknown	2010390	33	97546	50.93215496128032	70.4225352112676	15.492957746478874
Bin_103	Unknown	28361	3	15089	46.78344455075933	0.0	0.0
Bin_105_1	Unknown	2800003	29	340481	32.7747167170595	97.1830985915493	0.0
Bin_106	Unknown	3519788	55	86236	44.402980706124815	59.15492957746479	11.267605633802816
Bin_107	Unknown	8937	1	8937	27.089627391742194	0.0	0.0
Bin_108	Unknown	1916084	44	61482	45.11268232094816	63.38028169014085	22.535211267605632
Bin_109	Unknown	545016	14	45215	50.35882674150321	0.0	0.0
Bin_10_1	Unknown	2595289	2	2520276	56.96744576945565	100.0	1.408450704225352
Bin_110	Unknown	4840314	86	73910	47.264028622715166	66.19718309859155	9.859154929577464
Bin_111	Unknown	1737303	60	33670	42.115704841323364	73.2394366197183	18.309859154929576
Bin_112_1	Unknown	3718916	6	1078132	46.99664101254271	100.0	4.225352112676056
Bin_113	Unknown	86108	2	80878	39.951480347713336	0.0	0.0
Bin_114_1	Unknown	2512580	5	967885	40.58646046431044	87.32394366197182	5.633802816901408
Bin_114_2	Unknown	1673624	45	50568	43.7404308128978	49.29577464788732	8.450704225352112
Bin_115	Unknown	2932919	60	82411	50.3413557844139	64.78873239436619	7.042253521126761
Bin_116	Unknown	49484	4	40962	52.757427458128234	0.0	0.0
Bin_117	Unknown	17868	2	9039	23.524212311079822	0.0	0.0
Bin_118	Unknown	2389446	393	13806	58.1337601871317	40.84507042253521	21.12676056338028
Bin_119	Unknown	375809	7	308790	47.17909351222845	0.0	0.0
Bin_11_1	Unknown	2280543	56	52265	42.07676868849239	39.436619718309856	8.450704225352112
Bin_11_2	Unknown	3396612	18	319138	44.17036298146783	85.91549295774648	18.309859154929576
Bin_12	Unknown	7860	2	6384	46.47632801515985	0.0	0.0
Bin_13	Unknown	1267994	24	64333	32.30105020275305	53.521126760563384	29.577464788732396
Bin_14_1	Unknown	2634229	3	1936472	49.1513065321927	100.0	1.408450704225352
Bin_15	Unknown	106384	4	38820	35.05079436787845	0.0	0.0
Bin_16	Unknown	2291087	50	53029	46.757287983741556	36.61971830985915	15.492957746478874
Bin_18	Unknown	1329142	28	56968	56.84157036587859	36.61971830985915	7.042253521126761
Bin_19	Unknown	760168	21	37887	54.439717423777964	0.0	0.0
Bin_2	Unknown	48598	5	13182	36.310983548299866	0.0	0.0
Bin_20	Unknown	2491	1	2491	46.84865515857086	0.0	0.0
Bin_21	Unknown	115333	6	26858	40.57139653978395	0.0	0.0
Bin_22	Unknown	36895	5	10574	46.557676603135896	0.0	0.0
Bin_23_1	Unknown	2019963	4	1012110	55.298002611663	74.64788732394366	2.816901408450704
Bin_23_2	Unknown	1657830	1	1657830	56.62728991836546	39.436619718309856	0.0
Bin_23_3	Unknown	3430577	13	925028	53.036268516523634	98.59154929577464	1.408450704225352
Bin_23_4	Unknown	1824698	8	434605	50.4493782190552	81.69014084507042	15.492957746478874
Bin_23_5	Unknown	2098484	13	238699	60.146469778066724	71.83098591549296	2.816901408450704
Bin_23_6	Unknown	1481323	25	109131	53.02362525360098	47.88732394366197	5.633802816901408
Bin_24	Unknown	770629	122	10538	29.77259784243888	0.0	0.0
Bin_25	Unknown	313086	7	64153	60.460402386126056	0.0	0.0
Bin_26	Unknown	59225	8	13153	41.521638771049695	0.0	0.0
Bin_27	Unknown	385896	190	2005	44.67004390495106	0.0	0.0
Bin_28	Unknown	1142181	33	43481	56.07980302296011	45.070422535211264	8.450704225352112
Bin_29_2	Unknown	1442949	3	736871	42.6489209639293	81.69014084507042	11.267605633802816
Bin_3	Unknown	3544871	38	576568	52.90990456667951	85.91549295774648	16.901408450704224
Bin_30	Unknown	12191	1	12191	45.96013452546961	0.0	0.0
Bin_32_1	Unknown	3672022	6	1899687	47.18667166889251	88.73239436619718	21.12676056338028
Bin_32_10	Unknown	1834047	25	102901	50.29718653282398	35.2112676056338	9.859154929577464
Bin_32_11	Unknown	3064055	14	445345	52.47672255653204	97.1830985915493	8.450704225352112
Bin_32_12	Unknown	2836583	5	870404	51.4583961054359	97.1830985915493	14.084507042253522
Bin_32_13	Unknown	3410950	8	561060	53.02176223892501	83.09859154929578	18.309859154929576
Bin_32_14	Unknown	2077940	27	99815	47.919229111446754	60.563380281690144	2.816901408450704
Bin_32_15	Unknown	2917203	6	1909714	53.6977746179373	95.77464788732394	7.042253521126761
Bin_32_16	Unknown	1318117	8	267576	49.361346633401816	18.309859154929576	1.408450704225352
Bin_32_17	Unknown	2918345	14	346659	49.54786291235094	94.36619718309859	19.718309859154928
Bin_32_18	Unknown	1784629	9	291013	49.09765101025783	50.70422535211268	1.408450704225352
Bin_32_19	Unknown	2333997	18	367288	55.251092062938554	85.91549295774648	1.408450704225352
Bin_32_2	Unknown	2162501	29	92222	57.06508898665664	30.985915492957748	7.042253521126761
Bin_32_20	Unknown	3156356	10	407187	50.22941439214744	98.59154929577464	5.633802816901408
Bin_32_24	Unknown	2653293	6	571341	52.983474891558494	85.91549295774648	2.816901408450704
Bin_32_25	Unknown	4045286	17	1115478	51.157306356585316	100.0	11.267605633802816
Bin_32_26	Unknown	2724074	25	175060	51.40776368560183	84.50704225352112	7.042253521126761
Bin_32_27	Unknown	3236752	12	804042	51.55744886772349	87.32394366197182	16.901408450704224
Bin_32_28	Unknown	3172180	11	677410	50.94425905452519	91.54929577464789	8.450704225352112
Bin_32_29	Unknown	2856748	7	750138	48.543212748793415	83.09859154929578	12.67605633802817
Bin_32_3	Unknown	1938047	16	443882	50.77069398874663	67.6056338028169	9.859154929577464
Bin_32_30	Unknown	3310995	10	442935	54.919579756489426	97.1830985915493	12.67605633802817
Bin_32_31	Unknown	3303235	11	336793	55.87686367479162	97.1830985915493	1.408450704225352
Bin_32_32	Unknown	2938390	5	1472723	50.5123893413733	100.0	1.408450704225352
Bin_32_33	Unknown	2956748	14	466324	44.41630749895606	98.59154929577464	4.225352112676056
Bin_32_34	Unknown	2385324	21	214682	49.25508570269643	54.929577464788736	11.267605633802816
Bin_32_35	Unknown	2582885	9	434219	57.47589742592911	73.2394366197183	11.267605633802816
Bin_32_36	Unknown	3118161	4	2709726	52.192685454232404	95.77464788732394	1.408450704225352
Bin_32_37	Unknown	2496410	5	1752143	53.9614785251158	85.91549295774648	4.225352112676056
Bin_32_38	Unknown	3381112	12	1762214	52.69627219873483	67.6056338028169	8.450704225352112
Bin_32_4	Unknown	3265739	17	334661	54.20302950841732	94.36619718309859	11.267605633802816
Bin_32_6	Unknown	2504027	12	281192	47.672990397429146	94.36619718309859	12.67605633802817
Bin_32_7	Unknown	3142086	10	405972	52.76857288992455	81.69014084507042	28.169014084507044
Bin_32_8	Unknown	3007400	16	307024	58.76823007634876	94.36619718309859	16.901408450704224
Bin_32_9	Unknown	2628249	50	119523	52.23706886778312	74.64788732394366	15.492957746478874
Bin_33	Unknown	3512938	57	82312	40.32320894269535	78.87323943661971	23.943661971830984
Bin_34	Unknown	12766757	445	45561	28.488635419754164	45.070422535211264	18.309859154929576
Bin_35	Unknown	700876	21	46255	46.11667156616238	0.0	0.0
Bin_36	Unknown	1676444	27	89691	50.985307861561694	39.436619718309856	7.042253521126761
Bin_37	Unknown	3450494	248	27887	44.67843326996789	38.028169014084504	8.450704225352112
Bin_38_1	Unknown	2578391	29	149084	48.09668072114414	77.46478873239437	5.633802816901408
Bin_39	Unknown	2069075	45	48853	43.88467892923208	25.35211267605634	14.084507042253522
Bin_4	Unknown	590256	22	38249	54.54564889801365	25.35211267605634	1.408450704225352
Bin_40	Unknown	24941	8	4579	35.44466190376464	0.0	0.0
Bin_41	Unknown	317573	1	317573	50.6034396113883	0.0	0.0
Bin_42	Unknown	3059158	88	38762	35.70376237982582	59.15492957746479	15.492957746478874
Bin_43	Unknown	622361	53	18657	40.71173812694821	0.0	0.0
Bin_44	Unknown	2480221	80	78384	47.03868937707935	52.11267605633803	18.309859154929576
Bin_45	Unknown	8556706	359	36174	57.76570662265787	90.14084507042253	71.83098591549296
Bin_46_1	Unknown	2802511	1	2802511	39.430399354222516	97.1830985915493	14.084507042253522
Bin_47	Unknown	1032186	28	41507	40.778774242951414	0.0	0.0
Bin_48	Unknown	78088	5	59443	47.796300346200695	0.0	0.0
Bin_49	Unknown	1741413	38	66414	49.558264810192405	0.0	0.0
Bin_5	Unknown	192267	8	31449	41.242378653862154	0.0	0.0
Bin_50	Unknown	1961887	47	59155	51.63701467693917	80.28169014084507	4.225352112676056
Bin_51_1	Unknown	3753030	50	178537	49.97055628821852	78.87323943661971	11.267605633802816
Bin_51_8	Unknown	3601172	48	109546	45.68647354692973	78.87323943661971	15.492957746478874
Bin_52	Unknown	4249640	116	44921	45.56422785733572	56.33802816901409	23.943661971830984
Bin_53	Unknown	7890	1	7890	33.89100126742712	0.0	0.0
Bin_54	Unknown	66505	5	18559	42.24330850962346	0.0	0.0
Bin_55_1	Unknown	2062179	15	229538	29.080560760111098	87.32394366197182	9.859154929577464
Bin_55_2	Unknown	2241067	17	192178	27.077385566312113	87.32394366197182	9.859154929577464
Bin_55_3	Unknown	1162921	22	80664	30.119300125824967	59.15492957746479	9.859154929577464
Bin_56_1	Unknown	2278410	2	2273209	39.25973458711373	98.59154929577464	2.816901408450704
Bin_56_4	Unknown	1416423	32	67115	36.355712053548444	59.15492957746479	1.408450704225352
Bin_56_5	Unknown	1336821	33	54727	36.40692542196807	45.070422535211264	1.408450704225352
Bin_57_30	Unknown	2413339	2	2097909	52.24692472457042	100.0	1.408450704225352
Bin_58	Unknown	26300	2	24266	55.279173525869986	0.0	0.0
Bin_59	Unknown	13931	4	8535	51.301815895132066	0.0	0.0
Bin_60	Unknown	4534	1	4534	39.74415527128363	0.0	0.0
Bin_61	Unknown	2399391	72	46413	38.99954006017404	64.78873239436619	14.084507042253522
Bin_62	Unknown	1198453	34	45625	39.07665184129694	60.563380281690144	1.408450704225352
Bin_63_1	Unknown	3391602	4	2806030	38.41855980638755	94.36619718309859	11.267605633802816
Bin_64	Unknown	1930875	7	1228447	38.00583144551714	98.59154929577464	1.408450704225352
Bin_65	Unknown	25414	1	25414	43.279294876839536	0.0	0.0
Bin_66	Unknown	33149	4	19002	49.70197601664501	0.0	0.0
Bin_67	Unknown	154659	19	10701	30.455849952917617	0.0	0.0
Bin_68	Unknown	2627014	255	31674	30.966357720860504	76.05633802816901	11.267605633802816
Bin_69	Unknown	2782804	56	90724	47.42568638723932	80.28169014084507	4.225352112676056
Bin_6_1	Unknown	699699	4	689738	27.97684116408896	87.32394366197182	0.0
Bin_6_2	Unknown	1202487	3	879419	40.66732697000297	90.14084507042253	11.267605633802816
Bin_70	Unknown	9879295	267	48734	31.830027528631955	0.0	0.0
Bin_71	Unknown	5668197	18	529126	42.246704327339756	95.77464788732394	0.0
Bin_72	Unknown	2399014	36	83445	48.69420132207992	74.64788732394366	5.633802816901408
Bin_73	Unknown	142207	3	84761	45.409239781577035	0.0	0.0
Bin_74	Unknown	305476	7	52865	46.193912463895785	0.0	0.0
Bin_75	Unknown	16129369	477	45200	30.45801761026194	57.74647887323944	42.25352112676056
Bin_76_1	Unknown	4118352	5	1637715	49.770112409515036	100.0	5.633802816901408
Bin_76_2	Unknown	4543786	58	156649	48.44867586822221	52.11267605633803	5.633802816901408
Bin_77	Unknown	16387	3	12068	28.877397751116806	0.0	0.0
Bin_78	Unknown	6801	1	6801	65.97559182473167	0.0	0.0
Bin_79_1	Unknown	4041667	80	67988	45.08767926961864	67.6056338028169	9.859154929577464
Bin_79_3	Unknown	3429271	50	118186	43.21542105582126	88.73239436619718	30.985915492957748
Bin_7_1	Unknown	4645429	29	882625	49.05887889787764	92.95774647887323	4.225352112676056
Bin_7_12	Unknown	963828	5	324411	47.2681935041518	74.64788732394366	11.267605633802816
Bin_7_13	Unknown	2339737	22	193325	51.36582570002306	80.28169014084507	18.309859154929576
Bin_7_14	Unknown	3337166	15	514025	47.76779545077358	85.91549295774648	4.225352112676056
Bin_7_15	Unknown	3032028	15	439558	50.60783045185563	90.14084507042253	1.408450704225352
Bin_7_16	Unknown	3212261	28	271505	45.29070290467733	92.95774647887323	19.718309859154928
Bin_7_17	Unknown	3469010	34	452964	50.03817650047861	97.1830985915493	12.67605633802817
Bin_7_18	Unknown	1310187	2	696336	51.796095997948946	59.15492957746479	1.408450704225352
Bin_7_21	Unknown	3572823	14	2052695	48.45278455115416	97.1830985915493	1.408450704225352
Bin_7_23	Unknown	3116179	2	3099321	48.45396269167525	98.59154929577464	1.408450704225352
Bin_7_24	Unknown	3126741	8	476029	51.45731663544283	95.77464788732394	11.267605633802816
Bin_7_27	Unknown	3211806	9	393524	54.108412035326445	92.95774647887323	4.225352112676056
Bin_7_28	Unknown	2837143	5	680346	46.00696500014013	46.478873239436616	0.0
Bin_7_5	Unknown	1562629	1	1562629	57.114369535909596	83.09859154929578	0.0
Bin_7_7	Unknown	3709153	42	444836	45.594990364960346	95.77464788732394	1.408450704225352
Bin_80	Unknown	1501525	52	36888	33.46715375750763	39.436619718309856	9.859154929577464
Bin_81	Unknown	4545544	27	311740	45.149844114748426	67.6056338028169	7.042253521126761
Bin_82_1	Unknown	3065604	16	349583	52.72081018710539	90.14084507042253	9.859154929577464
Bin_82_2	Unknown	2721872	19	245348	51.14017087120202	87.32394366197182	1.408450704225352
Bin_83	Unknown	40936	1	40936	48.27308789736786	0.0	0.0
Bin_84	Unknown	4918534	16	654405	49.57138621264867	88.73239436619718	4.225352112676056
Bin_85	Unknown	56901033	1072	68825	27.258591010740652	18.072289156626507	12.048192771084338
Bin_86_1	Unknown	2686336	8	877057	51.337386857365175	95.77464788732394	5.633802816901408
Bin_87	Unknown	2167965	18	1155406	28.791802754916773	84.50704225352112	14.084507042253522
Bin_88	Unknown	4298121	106	55617	46.807215059539004	47.88732394366197	18.309859154929576
Bin_89_2	Unknown	3047024	6	1174100	46.60648784727813	92.95774647887323	4.225352112676056
Bin_8_6	Unknown	3604615	6	2137816	49.92384922159655	88.73239436619718	2.816901408450704
Bin_9	Unknown	5473	1	5473	36.85364516718436	0.0	0.0
Bin_90	Unknown	123198	6	30576	35.72752425487363	0.0	0.0
Bin_91_1	Unknown	2546520	4	1535875	54.45884629499408	71.83098591549296	22.535211267605632
Bin_91_5	Unknown	1920038	19	159232	49.584949893253786	69.01408450704226	8.450704225352112
Bin_91_7	Unknown	2294438	4	1371117	53.930130905054	91.54929577464789	12.67605633802817
Bin_91_8	Unknown	2790530	11	364579	49.81312527534353	92.95774647887323	26.760563380281692
Bin_92	Unknown	93422	4	20616	50.99596195133916	0.0	0.0
Bin_93	Unknown	11674	2	10266	26.62830636877247	0.0	0.0
Bin_94	Unknown	3742652	35	170329	43.95138231260869	61.971830985915496	2.816901408450704
Bin_95	Unknown	6675	3	2363	51.288453988460795	0.0	0.0
Bin_96	Unknown	1624200	44	49508	59.184429717717876	63.38028169014085	47.88732394366197
Bin_97	Unknown	410124	30	20038	43.796586123604	0.0	0.0
Bin_98	Unknown	1714	1	1714	29.98833138856476	0.0	0.0
Bin_99	Unknown	6445	1	6445	47.540729247478666	0.0	0.0
