bins	taxon	total_length	num_contigs	N50	GC_content	percent_completion	percent_redundancy
Bin_0	Unknown	57832	3	44779	58.201297537364006	0.0	0.0
Bin_1	Unknown	2703195	27	124473	50.906462292338695	87.32394366197182	8.450704225352112
Bin_10	Unknown	2471989	33	119100	29.998047278734408	81.69014084507042	83.09859154929578
Bin_100	Unknown	12719664	284	60535	48.48488856066903	100.0	218.30985915492957
Bin_101	Unknown	3336	1	3336	64.89808153477217	0.0	0.0
Bin_102	Unknown	4944896	79	125708	49.32886476817491	85.91549295774648	22.535211267605632
Bin_103	Unknown	7729	1	7729	37.158752749385435	0.0	0.0
Bin_104	Unknown	1249560	43	41991	47.69882048438531	0.0	0.0
Bin_105	Unknown	1414686	45	39146	47.57876098109659	50.70422535211268	14.084507042253522
Bin_106	Unknown	955881	17	89152	54.19496986711033	29.577464788732396	5.633802816901408
Bin_107	Unknown	15339	1	15339	46.17641306473694	0.0	0.0
Bin_108	Unknown	48413397	998	73100	46.389189487716834	100.0	753.5211267605633
Bin_109	Unknown	442168	15	41399	50.66944207172619	0.0	0.0
Bin_11	Unknown	3848362	62	101192	62.91063799704111	87.32394366197182	50.70422535211268
Bin_110	Unknown	1703224	41	63315	27.633635653235512	61.971830985915496	25.35211267605634
Bin_111	Unknown	5809	1	5809	68.2561542434154	0.0	0.0
Bin_112	Unknown	778646	21	56253	49.59987038415517	0.0	0.0
Bin_113	Unknown	96710	5	31727	34.94351565170746	0.0	0.0
Bin_114	Unknown	2350300	71	77002	36.5583883466803	83.09859154929578	14.084507042253522
Bin_115	Unknown	7546897	53	342709	51.4373726812656	100.0	128.16901408450704
Bin_116	Unknown	38960	5	20405	57.636644933351334	0.0	0.0
Bin_117	Unknown	8109115	116	580698	50.52477342756714	97.1830985915493	53.521126760563384
Bin_118	Unknown	3747844	317	18845	41.815087327460496	0.0	0.0
Bin_119	Unknown	2384471	514	7967	59.874481506931296	47.88732394366197	14.084507042253522
Bin_12	Unknown	11668527	198	2353254	48.312694145473614	100.0	235.2112676056338
Bin_120	Unknown	6552950	155	71361	52.497392591967795	81.69014084507042	30.985915492957748
Bin_13	Unknown	4742326	60	158081	38.07691601648285	98.59154929577464	50.70422535211268
Bin_14	Unknown	2617	1	2617	28.58234619793657	0.0	0.0
Bin_15	Unknown	115053675	2882	64064	58.89971296236903	100.0	2443.6619718309857
Bin_16	Unknown	2697287	53	66009	44.98785219638979	30.985915492957748	4.225352112676056
Bin_17	Unknown	1228747	17	117712	46.19034306483388	0.0	0.0
Bin_18	Unknown	9383	1	9383	50.66609826281573	0.0	0.0
Bin_19	Unknown	11851	3	8259	40.97632931913719	0.0	0.0
Bin_2	Unknown	1040	1	1040	36.73076923076923	0.0	0.0
Bin_20	Unknown	113004	2	86505	35.7482899417948	0.0	0.0
Bin_21	Unknown	3674942	79	64572	49.3091698532241	71.83098591549296	23.943661971830984
Bin_22	Unknown	2652417	61	63615	54.97755148203055	29.577464788732396	4.225352112676056
Bin_23	Unknown	26785918	204	297830	53.47095621181589	100.0	833.8028169014085
Bin_24	Unknown	5959898	34	369908	35.85607928875016	97.1830985915493	97.1830985915493
Bin_25	Unknown	647811	22	40964	43.2105140852968	0.0	0.0
Bin_26	Unknown	1662057	45	41438	39.728477433658526	43.66197183098591	7.042253521126761
Bin_27	Unknown	167011	7	30515	57.62946037220381	0.0	0.0
Bin_28	Unknown	1423821	23	68129	52.18881299613294	59.15492957746479	12.67605633802817
Bin_29	Unknown	211960	10	33939	33.48305981182625	0.0	0.0
Bin_3	Unknown	2309	1	2309	44.651364226938064	0.0	0.0
Bin_30	Unknown	364130	33	34306	46.35230084251024	0.0	0.0
Bin_31	Unknown	3102235	49	106466	51.52393818237838	71.83098591549296	35.2112676056338
Bin_32	Unknown	532223	11	77277	46.69937133474525	0.0	0.0
Bin_33	Unknown	64232	23	3869	41.04119387024355	0.0	0.0
Bin_34	Unknown	827673	16	477179	27.91539439206654	87.32394366197182	0.0
Bin_35	Unknown	4514363	23	352773	47.74096101861042	95.77464788732394	14.084507042253522
Bin_36	Unknown	5202683	93	129810	48.56827197973057	90.14084507042253	42.25352112676056
Bin_37	Unknown	250926	22	15842	38.537922527547366	0.0	0.0
Bin_38	Unknown	18738467	1091	32838	58.60683581279622	100.0	207.04225352112675
Bin_39	Unknown	4268	1	4268	46.344892221180885	0.0	0.0
Bin_4	Unknown	5025755	117	56506	51.94540125745335	39.436619718309856	28.169014084507044
Bin_40	Unknown	2612896	76	51960	32.29473132402564	73.2394366197183	23.943661971830984
Bin_41	Unknown	12194996	52	920791	54.98160763660427	100.0	264.7887323943662
Bin_42	Unknown	8386276	195	81487	49.87280225524179	97.1830985915493	104.22535211267606
Bin_43	Unknown	7979954	384	61212	42.29289384601233	77.46478873239437	30.985915492957748
Bin_44	Unknown	630957	38	27538	58.38775293533899	0.0	0.0
Bin_45	Unknown	7296099	215	427735	41.57436782324989	100.0	47.88732394366197
Bin_46	Unknown	2387314	16	262852	53.89006445547492	94.36619718309859	15.492957746478874
Bin_47	Unknown	2469403	35	92933	46.325047906637835	73.2394366197183	16.901408450704224
Bin_48	Unknown	9070733	215	92393	53.94323979318278	100.0	249.29577464788733
Bin_49	Unknown	309381	10	36892	43.85258812260866	0.0	0.0
Bin_5	Unknown	9332577	61	474267	51.067402720863186	98.59154929577464	167.6056338028169
Bin_50	Unknown	725563	10	117818	48.35065613908493	0.0	0.0
Bin_51	Unknown	153815521	531	574849	27.00996355132536	46.98795180722892	32.53012048192771
Bin_52	Unknown	18713	3	11786	48.1528219048462	0.0	0.0
Bin_53	Unknown	107756	8	24058	50.75260710055357	0.0	0.0
Bin_54	Unknown	7069019	454	105820	45.621395375015936	71.83098591549296	9.859154929577464
Bin_55	Unknown	1299647	20	85693	63.23950566014302	64.78873239436619	4.225352112676056
Bin_56	Unknown	15669	7	2686	33.42946363378111	0.0	0.0
Bin_57	Unknown	1512810	22	115430	61.38963863917266	70.4225352112676	9.859154929577464
Bin_58	Unknown	3166268	37	160544	41.02678574445434	83.09859154929578	8.450704225352112
Bin_59	Unknown	42315	1	42315	49.48361482524044	0.0	0.0
Bin_6	Unknown	39965	3	35081	60.77712121964479	0.0	0.0
Bin_60	Unknown	3512226	73	65606	46.38776890787098	73.2394366197183	19.718309859154928
Bin_61	Unknown	4424888	33	272712	27.916321524683756	90.14084507042253	145.07042253521126
Bin_62	Unknown	1558537	41	46560	45.2478791321726	35.2112676056338	7.042253521126761
Bin_63	Unknown	60937	3	57074	45.43365174483996	0.0	0.0
Bin_64	Unknown	3085120	25	2401240	35.15345711969161	92.95774647887323	28.169014084507044
Bin_65	Unknown	206214	8	28956	46.91196169839606	0.0	0.0
Bin_66	Unknown	749279	13	65349	55.73231900583302	0.0	0.0
Bin_67	Unknown	61871	4	17909	44.041649652459	0.0	0.0
Bin_68	Unknown	167631	5	51552	34.57532919563721	0.0	0.0
Bin_69	Unknown	2763008	37	132069	45.80006105213285	40.84507042253521	11.267605633802816
Bin_7	Unknown	78013	4	56815	48.800498247987434	0.0	0.0
Bin_70	Unknown	86235	5	23490	51.49346269234185	0.0	0.0
Bin_71	Unknown	4031822	28	2282042	55.91111901909309	100.0	95.77464788732394
Bin_72	Unknown	295059	3	102761	39.11705735772447	0.0	0.0
Bin_73	Unknown	43782109	588	143891	45.33434942615593	100.0	933.8028169014085
Bin_74	Unknown	1615262	26	71953	56.05647820255608	25.35211267605634	4.225352112676056
Bin_75	Unknown	3141951	41	131849	43.39823162560454	39.436619718309856	7.042253521126761
Bin_76	Unknown	57651	5	15832	42.894239520798784	0.0	0.0
Bin_77	Unknown	1420	1	1420	52.6056338028169	0.0	0.0
Bin_78	Unknown	3432378	253	32726	28.60239209835283	0.0	0.0
Bin_79	Unknown	2263454	24	149210	40.97997299463443	87.32394366197182	1.408450704225352
Bin_8	Unknown	3442930	67	71646	43.580713153402094	38.028169014084504	7.042253521126761
Bin_80	Unknown	1471336	22	75717	47.72873338488584	56.33802816901409	35.2112676056338
Bin_81	Unknown	81098720	476	642469	50.09563976297515	100.0	2345.0704225352115
Bin_82	Unknown	402160	105	5679	28.00288617376157	0.0	0.0
Bin_83	Unknown	2853282	15	587014	50.83495709374244	100.0	16.901408450704224
Bin_84	Unknown	33125378	281	304561	44.32578820856805	100.0	597.1830985915493
Bin_85	Unknown	6612780	23	791538	35.725304404021394	98.59154929577464	177.46478873239437
Bin_86	Unknown	395457	14	37583	54.220142479418	0.0	0.0
Bin_87	Unknown	1512864	39	57059	38.588400874795795	26.760563380281692	4.225352112676056
Bin_88	Unknown	59011	8	9839	52.534374416432186	0.0	0.0
Bin_89	Unknown	2844293	2	2811390	50.21990293611132	81.69014084507042	2.816901408450704
Bin_9	Unknown	20496627	496	63291	55.611025342728645	98.59154929577464	457.7464788732394
Bin_90	Unknown	5162996	27	1544712	45.41650992719038	100.0	35.2112676056338
Bin_91	Unknown	9386084	31	662087	41.24593290291511	100.0	208.45070422535213
Bin_92	Unknown	1886548	19	203009	43.37971382464899	46.478873239436616	11.267605633802816
Bin_93	Unknown	7690262	128	107023	57.138041989140916	95.77464788732394	130.98591549295776
Bin_94	Unknown	546139	247	2339	43.12923262633072	0.0	0.0
Bin_95	Unknown	2094827	36	80975	41.49427181341604	52.11267605633803	7.042253521126761
Bin_96	Unknown	7233999	206	49892	46.82687299416784	67.6056338028169	66.19718309859155
Bin_97	Unknown	1302	1	1302	41.16743471582181	0.0	0.0
Bin_98	Unknown	17247	3	14919	44.452644223517886	0.0	0.0
Bin_99	Unknown	443160	8	66307	46.57908795499204	0.0	0.0
