bins	taxon	total_length	num_contigs	N50	GC_content	percent_completion	percent_redundancy
MAXBIN__001	Unknown	829232	6	495205	38.74976166363516	0.0	0.0
MAXBIN__002	Unknown	1363686	7	716076	38.82929714926407	88.73239436619718	2.816901408450704
MAXBIN__003	Unknown	2167915	6	635586	34.124423855106016	80.28169014084507	32.394366197183096
MAXBIN__004	Unknown	2511408	15	700864	31.81865388592523	98.59154929577464	54.929577464788736
MAXBIN__005	Unknown	2901569	44	195667	39.656584103401066	85.91549295774648	12.67605633802817
MAXBIN__006	Unknown	1955429	59	80847	40.09788406113646	42.25352112676056	7.042253521126761
MAXBIN__007	Unknown	3065377	14	357987	54.825220275656015	90.14084507042253	7.042253521126761
MAXBIN__008	Unknown	1119559	44	41320	31.704390845902218	0.0	0.0
MAXBIN__009	Unknown	4030020	45	203295	43.097399547219304	84.50704225352112	2.816901408450704
MAXBIN__010	Unknown	4113101	26	1031277	41.586908845353555	100.0	12.67605633802817
MAXBIN__011	Unknown	4182916	17	670167	51.88962789070547	92.95774647887323	23.943661971830984
MAXBIN__012	Unknown	1683186	112	23190	41.80897376760903	0.0	0.0
MAXBIN__013	Unknown	2355045	19	381590	48.53666029827761	30.985915492957748	11.267605633802816
MAXBIN__014	Unknown	4911157	119	58655	45.70536178361732	40.84507042253521	11.267605633802816
MAXBIN__015	Unknown	3163588	54	89427	47.43316064579402	78.87323943661971	21.12676056338028
MAXBIN__016	Unknown	3247069	35	152970	55.811282522100925	88.73239436619718	43.66197183098591
MAXBIN__017	Unknown	3083165	6	1930908	50.69746934632907	80.28169014084507	16.901408450704224
MAXBIN__018	Unknown	2175106	12	2059805	27.79127039378065	90.14084507042253	7.042253521126761
MAXBIN__019	Unknown	2233849	18	150278	54.60381499243587	78.87323943661971	54.929577464788736
MAXBIN__020	Unknown	1894462	24	106721	55.433908282897825	23.943661971830984	15.492957746478874
MAXBIN__021	Unknown	3623381	46	2043046	52.12459032943095	100.0	18.309859154929576
MAXBIN__022	Unknown	916660	41	33888	63.61913336334627	0.0	0.0
MAXBIN__023	Unknown	129249	3	85339	28.323728452767355	0.0	0.0
MAXBIN__024	Unknown	5061585	53	261223	42.37797240494739	66.19718309859155	16.901408450704224
MAXBIN__025	Unknown	1956168	42	102439	45.80939943811643	0.0	0.0
MAXBIN__026	Unknown	4082098	30	179590	43.523777631935104	81.69014084507042	8.450704225352112
MAXBIN__027	Unknown	1582781	50	61701	56.55733608509864	0.0	0.0
MAXBIN__028	Unknown	898828	11	276659	31.4220051760929	66.19718309859155	9.859154929577464
MAXBIN__029	Unknown	2862333	36	360486	31.232151107826667	91.54929577464789	29.577464788732396
MAXBIN__030	Unknown	3102322	27	301733	47.08889707595422	84.50704225352112	7.042253521126761
MAXBIN__031	Unknown	2923036	39	117898	50.67158796407486	63.38028169014085	12.67605633802817
MAXBIN__032	Unknown	416773	10	58926	49.84154323649559	0.0	0.0
MAXBIN__033	Unknown	1824116	56	68295	50.66871775571854	0.0	0.0
MAXBIN__034	Unknown	3789595	72	87957	26.110899171369788	49.29577464788732	60.563380281690144
MAXBIN__035	Unknown	1892698	43	65429	32.162004073982416	67.6056338028169	14.084507042253522
MAXBIN__036	Unknown	2898035	12	2327014	57.58571369382782	92.95774647887323	1.408450704225352
MAXBIN__037	Unknown	4890257	4	4792168	36.71475112492354	100.0	1.408450704225352
MAXBIN__038	Unknown	2437217	16	321652	55.45579750018636	76.05633802816901	29.577464788732396
MAXBIN__039	Unknown	2518791	180	23685	65.12953135680607	30.985915492957748	36.61971830985915
MAXBIN__040	Unknown	316036	12	36829	56.46465656609227	38.028169014084504	5.633802816901408
MAXBIN__041	Unknown	3277407	19	298850	47.32283395335975	94.36619718309859	9.859154929577464
MAXBIN__042	Unknown	3393979	16	699435	42.104204888215484	97.1830985915493	57.74647887323944
MAXBIN__043	Unknown	2526909	20	172987	50.578534919692565	69.01408450704226	12.67605633802817
MAXBIN__044	Unknown	2330872	9	1204959	57.00716454219392	85.91549295774648	8.450704225352112
MAXBIN__045	Unknown	1784458	36	70278	51.860989955676075	28.169014084507044	4.225352112676056
MAXBIN__046	Unknown	3974607	227	31320	40.09056891232599	33.80281690140845	9.859154929577464
MAXBIN__047	Unknown	4287802	75	367694	34.8125965350801	98.59154929577464	11.267605633802816
MAXBIN__048	Unknown	141265	6	35979	49.07987579751719	0.0	0.0
MAXBIN__049	Unknown	1550800	12	468624	44.44640315048418	73.2394366197183	9.859154929577464
MAXBIN__050	Unknown	2120369	51	73436	28.387434996698936	70.4225352112676	83.09859154929578
MAXBIN__051	Unknown	2095821	68	50096	46.79814828770463	46.478873239436616	26.760563380281692
MAXBIN__052	Unknown	2957167	47	87031	61.92684272907477	80.28169014084507	40.84507042253521
MAXBIN__053	Unknown	3399930	113	52175	51.54317082945204	60.563380281690144	21.12676056338028
MAXBIN__054	Unknown	4668096	44	330981	41.50315532122289	97.1830985915493	87.32394366197182
MAXBIN__055	Unknown	1380013	12	214124	49.71397930030829	64.78873239436619	25.35211267605634
MAXBIN__056	Unknown	1518352	12	421576	45.99337576061897	78.87323943661971	14.084507042253522
MAXBIN__057	Unknown	2661630	8	523693	53.95738564534053	90.14084507042253	15.492957746478874
MAXBIN__058	Unknown	1039678	27	58841	48.54645831216764	0.0	0.0
MAXBIN__059	Unknown	3830228	61	117513	42.32472727727673	80.28169014084507	32.394366197183096
MAXBIN__060	Unknown	2587062	39	93614	52.457696097550354	77.46478873239437	52.11267605633803
MAXBIN__061	Unknown	2899962	12	2362402	27.881379902612448	90.14084507042253	18.309859154929576
MAXBIN__062	Unknown	7471231	61	4195357	35.23988735631841	100.0	92.95774647887323
MAXBIN__063	Unknown	231874	13	74515	43.76172198431073	0.0	0.0
MAXBIN__064	Unknown	7921864	129	114809	38.813086030971654	90.14084507042253	70.4225352112676
MAXBIN__065	Unknown	2415647	3	2413064	52.49831678570984	83.09859154929578	4.225352112676056
MAXBIN__066	Unknown	650866	24	52942	62.46342622171025	0.0	0.0
MAXBIN__067	Unknown	3916105	43	346802	29.27982951277001	83.09859154929578	21.12676056338028
MAXBIN__068	Unknown	2781331	5	1068225	51.61800963379816	97.1830985915493	16.901408450704224
MAXBIN__069	Unknown	2569672	20	372343	55.32315125596532	46.478873239436616	12.67605633802817
MAXBIN__070	Unknown	2431922	36	76364	48.67353108354926	69.01408450704226	15.492957746478874
MAXBIN__071	Unknown	467046	9	100194	47.54219896697868	0.0	0.0
MAXBIN__072	Unknown	2971200	10	420802	47.140769095413795	56.33802816901409	1.408450704225352
MAXBIN__073	Unknown	3867509	47	213449	58.69226287933954	91.54929577464789	36.61971830985915
MAXBIN__074	Unknown	2850861	21	375198	38.585413039320784	97.1830985915493	4.225352112676056
MAXBIN__075	Unknown	1455866	11	174007	49.23976679489851	28.169014084507044	4.225352112676056
MAXBIN__076	Unknown	2016193	4	1200845	46.88164518176838	0.0	0.0
MAXBIN__077	Unknown	6628499	61	405470	40.04592606474461	100.0	102.8169014084507
MAXBIN__078	Unknown	3113527	37	210654	44.71607719747567	84.50704225352112	22.535211267605632
MAXBIN__079	Unknown	1633097	17	234101	54.031160467206305	71.83098591549296	15.492957746478874
MAXBIN__080	Unknown	2638425	4	2443065	45.732860013156	98.59154929577464	1.408450704225352
